16:     125.77  181.87  217.06                                                                                                                                                                                                                
17:     153.50  181.84  218.09                                                                                                                                                                                                                
18:     155.33  180.68  225.56                                                                                                                                                                                                                
19:     145.51  181.93  218.39                                                                                                                                                                                                                
20:     155.66  180.89  218.00                                                                                                                                                                                                                
21:     149.96  179.70  212.00                                                                                                                                                                                                                
22:     146.71  180.69  224.67                                                                                                                                                                                                                
23:     141.93  180.71  226.88                                                                                                                                                                                                                
24:     142.10  181.30  218.97                                                                                                                                                                                                                
25:     146.72  175.04  203.74                                                                                                                                                                                                                
26:     143.45  177.22  219.28                                                                                                                                                                                                                
27:     141.37  176.16  215.55                                                                                                                                                                                                                
28:     149.13  179.50  222.71                                                                                                                                                                                                                
29:     149.09  180.26  209.70                                                                                                                                                                                                                
30:     144.41  178.70  209.36                                                                                                                                                                                                                
31:     145.68  179.47  224.14                                                                                                                                                                                                                
32:     141.02  176.49  215.02                                                                                                                                                                                                                
33:     146.32  177.98  225.67                                                                                                                                                                                                                
34:     144.56  179.59  222.03                                                                                                                                                                                                                
35:     151.54  179.84  219.01                                                                                                                                                                                                                
36:     137.11  177.08  208.40                                                                                                                                                                                                                
37:     141.96  179.16  219.62                                                                                                                                                                                                                
38:     145.46  179.62  216.24                                                                                                                                                                                                                
39:     142.71  175.76  209.32                                                                                                                                                                                                                
40:     143.55  176.41  218.56                                                                                                                                                                                                                
41:     151.13  181.38  210.83                                                                                                                                                                                                                
42:     154.72  181.55  206.54                                                                                                                                                                                                                
43:     142.96  176.35  220.71                             
44:     140.57  179.65  219.26                             
45:     142.66  176.19  202.54                             
46:     140.65  179.08  220.49                             
47:     156.26  181.70  213.79                             
48:     141.42  178.96  243.89                             
49:     155.35  180.61  229.45                             
50:     153.37  182.21  236.10                             
51:     147.29  179.24  224.98                             
52:     139.93  180.11  204.34                             
53:     140.00  176.49  210.55                             
54:     144.72  175.73  220.39                             
55:     144.34  178.94  221.39                             
56:     141.21  177.20  209.57                             
57:     139.56  170.13  220.46                             
58:     135.17  164.33  218.84                             
59:     143.02  181.38  222.18                             
60:     142.98  184.64  229.54                             
61:     145.71  184.88  223.41                             
62:     145.02  182.55  224.90                             
63:     155.24  182.03  222.22                             
64:     146.96  183.16  222.68                             
65:     145.82  180.77  210.04                             
66:     145.45  179.17  211.78                             
67:     148.44  180.13  230.99                             
68:     143.85  177.99  225.11                             
69:     148.73  177.90  208.63  
70:     145.19  181.35  213.53                                                                                                                                                                                                        [65/222]
71:     150.55  180.78  225.21                                                                                                                                                                                                                
72:     151.90  183.92  227.92                                                                                                                                                                                                                
73:     153.98  178.45  221.06                                                                                                                                                                                                                
74:     143.92  179.76  225.50                                                                                                                                                                                                                
75:     146.86  182.02  211.49                                                                                                                                                                                                                
76:     155.09  181.94  217.48                                                                                                                                                                                                                
77:     144.77  182.47  213.49                                                                                                                                                                                                                
78:     149.16  182.19  231.30                                                                                                                                                                                                                
79:     141.94  184.25  239.62                                                                                                                                                                                                                
80:     150.96  184.63  225.65                                                                                                                                                                                                                
81:     144.67  179.68  226.77                                                                                                                                                                                                                
82:     144.08  179.74  212.72                                                                                                                                                                                                                
83:     154.44  182.38  221.47                                                                                                                                                                                                                
84:     144.76  180.67  238.45                                                                                                                                                                                                                
85:     150.67  179.58  213.41                                                                                                                                                                                                                
86:     143.15  180.01  223.05                                                                                                                                                                                                                
87:     143.55  180.03  220.14                                                                                                                                                                                                                
88:     143.24  177.81  211.85                                                                                                                                                                                                                
89:     135.63  178.44  224.91                                                                                                                                                                                                                
90:     144.32  181.86  251.50                                                                                                                                                                                                                
91:     150.70  180.62  216.62                                                                                                                                                                                                                
92:     154.52  183.95  216.47                                                                                                                                                                                                                
93:     142.72  185.12  264.48                                                                                                                                                                                                                
94:     148.73  191.96  276.85                                                                                                                                                                                                                
95:     156.88  186.22  228.44                                                                                                                                                                                                                
96:     142.73  187.12  280.59                                                                                                                                                                                                                
97:     155.64  181.78  225.66                                                                                                                                                                                                                
98:     148.45  186.61  252.67                                                                                                                                                                                                                
99:     149.54  188.78  250.86                                                                                                                                                                                                                
100:    147.35  187.60  272.26                                                                                                                                                                                                                
101:    153.40  187.47  258.60                                                                                                                                                                                                                
102:    151.76  183.85  229.31                             
103:    146.31  185.30  268.58                             
104:    147.83  186.84  288.50                             
105:    147.28  184.39  259.27                             
106:    142.75  175.40  244.24                             
107:    140.63  174.25  224.28                             
108:    129.91  176.59  291.24                             
109:    147.07  191.67  300.73                             
110:    150.23  191.62  308.64                             
111:    154.30  186.79  232.72                             
112:    161.97  188.16  203.64                             
113:    146.86  191.54  318.93                             
114:    160.48  188.61  215.34                             
115:    160.47  189.46  205.63                             
116:    153.11  190.70  272.27                             
117:    156.29  190.76  234.57                             
118:    156.28  192.47  265.02                             
119:    161.38  195.14  319.27                             
120:    157.53  197.28  342.52                             
121:    156.59  198.51  300.73                             
122:    159.19  197.23  284.32                             
123:    155.36  200.64  335.58                             
124:    161.09  197.75  294.74                             
125:    161.40  197.07  273.37                             
126:    157.61  200.19  332.09                             
127:    167.92  196.85  253.65                             
128:    159.21  200.40  307.99                             
129:    161.37  200.42  295.29                             
130:    161.18  200.20  268.02                             
131:    161.26  206.10  376.69                             
132:    162.66  203.31  316.80                             
133:    150.74  200.81  334.51   
134:    161.39  200.05  291.35                             
135:    168.57  198.54  232.06                             
136:    161.17  206.41  309.48                             
137:    158.13  201.26  310.11                             
138:    173.36  200.18  246.19                             
139:    159.73  201.13  280.26                             
140:    157.18  202.54  333.72                             
141:    163.34  201.78  253.88                             
142:    167.39  200.89  260.25                             
143:    165.15  204.91  304.95                             
144:    163.85  203.43  280.83                             
145:    171.16  200.73  247.94                             
146:    162.23  206.15  336.75                             
147:    168.43  202.59  270.93                             
148:    170.77  208.33  356.64                             
149:    165.88  207.77  387.89                             
150:    158.32  201.70  292.00                             
151:    149.38  188.37  273.76                             
152:    169.68  205.17  281.72                             
153:    163.73  207.72  315.48                             
154:    168.69  203.95  237.63                             
155:    174.12  205.18  244.66                             
156:    162.54  210.88  349.70                             
157:    165.08  208.58  363.85                             
158:    166.79  205.73  261.53                             
159:    169.65  210.46  283.73                             
160:    161.24  188.01  260.40                             
161:    170.87  209.60  335.53                             
162:    168.30  215.45  352.05                             
163:    168.35  213.20  294.28                             
164:    167.22  211.04  324.83                             
165:    172.69  209.09  263.82                             
166:    170.20  212.62  359.69                             
167:    172.89  209.65  282.40                             
168:    171.28  209.85  316.37                             
169:    171.52  217.14  349.15                             
170:    170.85  217.67  334.84                             
171:    173.78  213.13  310.27                             
172:    177.00  212.53  285.07                             
173:    177.41  218.06  327.74                             
174:    173.87  212.82  361.59                             
175:    176.98  212.36  273.99                             
176:    172.34  214.93  330.78                             
177:    180.27  211.12  278.98                             
178:    180.45  211.23  256.27                             
179:    174.45  212.75  300.16                             
180:    175.94  214.92  286.27                             
181:    176.08  213.93  267.23                             
182:    175.15  213.60  266.45                             
183:    176.29  218.59  326.15                             
184:    171.44  218.38  342.49                             
185:    171.39  225.21  334.31                             
186:    177.66  221.71  369.70                             
187:    174.25  219.18  338.54                             
188:    174.11  217.80  333.35                             
189:    173.73  216.12  330.20                             
190:    179.81  216.71  287.11                             
191:    176.40  216.88  280.84                             
192:    163.00  209.90  334.86                             
193:    164.67  203.28  391.96                             
194:    183.94  215.74  261.53                             
195:    181.69  215.88  250.03                             
196:    179.36  225.39  332.10                             
197:    179.53  216.66  309.28                             
198:    164.73  198.14  249.03                             
199:    183.18  217.33  295.09
