Compiled Apr 28 2018 16:09:55
ibuf at 0x7fbf8d3ed000
dbuf at 0x7fbf7cf0b000
50:	157.84	253.46	259.34
51:	254.94	256.22	268.61
52:	255.06	256.36	270.96
53:	255.14	256.18	259.27
54:	254.93	256.12	259.45
55:	255.24	256.35	259.37
56:	255.30	256.33	259.65
57:	255.29	256.35	259.87
58:	255.29	256.32	259.95
59:	255.38	256.36	259.48
60:	255.34	256.45	259.98
61:	255.44	256.42	259.78
62:	255.28	256.33	260.12
63:	255.44	256.42	259.58
64:	255.57	256.51	259.99
65:	255.58	256.57	259.58
66:	255.48	256.52	259.87
67:	255.20	256.58	259.88
68:	255.65	256.61	259.69
69:	255.38	256.68	261.39
70:	255.68	256.58	259.61
71:	256.87	257.91	261.37
72:	256.20	257.53	261.00
73:	259.07	260.20	263.75
74:	259.37	260.57	263.79
75:	259.60	260.84	264.12
76:	259.68	260.91	264.11
77:	259.78	260.96	264.15
78:	259.80	260.90	264.11
79:	259.67	260.95	264.03
80:	259.75	261.04	271.57
81:	259.81	261.08	273.46
82:	259.78	260.90	264.51
83:	259.67	260.88	264.01
84:	259.88	261.00	264.11
85:	259.97	261.03	264.12
86:	259.88	261.07	264.23
87:	259.98	261.15	264.63
88:	260.08	261.19	264.83
89:	259.98	261.23	264.31
90:	260.08	261.36	264.58
91:	260.18	261.45	264.99
92:	260.38	261.48	264.69
93:	260.47	261.63	265.22
94:	260.56	261.91	265.04
95:	260.89	261.95	264.93
96:	260.68	261.91	265.42
97:	260.78	262.04	265.23
98:	260.99	262.10	265.43
99:	260.99	262.11	265.32
100:	261.01	262.21	265.25
101:	261.17	262.22	265.56
102:	261.28	262.31	265.84
103:	261.29	262.39	265.42
104:	261.19	262.35	265.75
105:	261.29	262.37	265.72
106:	261.39	262.54	265.54
107:	263.05	264.21	267.36
108:	267.10	268.36	271.96
109:	269.16	270.56	273.93
110:	273.18	274.88	285.13
111:	283.52	285.27	288.52
112:	275.50	277.66	297.62
113:	275.60	281.28	290.23
114:	276.20	284.72	295.15
115:	277.41	284.92	293.25
116:	279.00	283.62	290.29
117:	279.63	282.87	289.04
118:	280.70	282.24	286.02
119:	281.74	283.14	285.67
120:	282.55	284.16	287.29
121:	283.56	285.10	288.19
122:	284.74	286.35	289.33
123:	285.20	286.86	289.67
124:	286.08	287.57	290.73
125:	286.78	288.52	291.64
126:	287.79	289.48	292.33
127:	288.90	290.49	293.61
128:	289.21	291.18	293.99
129:	290.51	292.09	294.94
130:	290.90	292.57	295.15
131:	291.62	293.45	296.07
132:	292.13	293.87	296.40
133:	292.52	294.28	296.80
134:	292.99	294.72	297.66
135:	293.43	295.15	300.16
136:	293.86	295.79	306.43
137:	294.54	296.47	309.76
138:	295.12	296.86	299.68
139:	295.62	297.51	299.98
140:	296.39	298.13	300.99
141:	297.05	298.77	301.18
142:	297.80	299.58	302.00
143:	298.93	300.67	303.31
144:	299.90	302.18	305.16
145:	301.79	303.51	306.11
146:	302.67	304.74	307.24
147:	304.62	306.57	309.25
148:	306.23	308.04	310.87
149:	306.72	308.71	311.77
150:	307.34	309.39	312.22
151:	308.50	310.57	312.88
152:	310.01	311.96	314.35
153:	310.77	312.86	315.62
154:	311.75	313.81	316.39
155:	302.13	314.81	317.82
156:	313.88	315.90	318.42
157:	315.15	317.20	319.53
158:	316.46	318.64	321.30
159:	317.19	319.45	322.25
160:	312.81	319.91	332.30
161:	315.25	320.84	323.78
162:	319.48	321.51	323.92
163:	320.24	322.31	325.48
164:	318.07	323.03	325.18
165:	321.95	324.02	326.49
166:	320.12	324.74	327.09
167:	323.78	325.81	328.00
168:	318.53	326.32	329.42
169:	312.57	327.36	329.52
170:	316.81	328.32	331.02
171:	316.26	329.26	332.13
172:	318.57	330.06	332.89
173:	321.45	331.64	334.14
174:	312.58	332.46	335.49
175:	315.75	333.78	337.06
176:	312.92	332.82	337.71
177:	315.40	333.63	338.98
178:	315.19	330.40	337.70
179:	315.38	329.58	338.36
180:	316.69	328.14	336.97
181:	317.57	326.13	334.95
182:	316.06	323.23	335.10
183:	318.73	323.28	333.77
184:	319.46	321.80	324.60
185:	319.23	322.32	324.71
186:	320.94	323.10	325.58
187:	317.73	323.75	325.89
188:	322.83	324.79	327.44
189:	322.71	325.36	327.54
190:	324.07	326.19	328.40
191:	313.79	326.96	329.36
192:	310.49	327.36	331.39
193:	311.49	327.93	330.71
194:	315.14	328.33	332.08
195:	325.03	328.99	332.45
196:	314.32	327.95	333.14
197:	314.65	326.33	332.75
198:	315.73	325.61	332.87
199:	316.81	325.54	331.93
200:	317.41	323.45	329.55
201:	317.97	323.99	335.00
202:	320.42	329.05	337.81
203:	319.04	325.81	334.45
204:	319.67	323.40	331.21
205:	320.43	322.92	330.21
206:	321.04	323.18	325.56
207:	322.09	324.07	326.97
208:	318.23	324.72	327.27
209:	322.04	325.38	327.55
210:	322.29	326.07	329.51
211:	320.47	326.78	329.41
212:	325.58	327.71	330.31
213:	316.17	326.36	332.26
214:	306.86	316.29	318.66
215:	304.42	310.95	319.47
216:	301.39	317.91	322.88
217:	307.41	312.56	315.43
218:	300.29	303.42	310.56
219:	297.16	307.63	313.99
220:	309.25	316.13	318.63
221:	311.71	316.80	323.72
222:	310.53	312.51	314.80
223:	343.21	345.51	347.17
224:	387.45	391.43	394.60
225:	389.87	392.38	393.33
226:	389.77	392.54	393.64
227:	390.04	392.91	394.00
228:	390.33	393.12	394.24
229:	391.42	394.44	403.07
230:	392.40	395.43	411.43
231:	392.65	395.60	396.56
232:	394.00	396.74	397.93
233:	394.30	397.06	398.04
234:	394.64	397.46	398.43
235:	296.38	316.23	358.50
236:	306.30	366.54	397.83
237:	394.80	397.62	398.54
238:	395.41	398.15	399.12
239:	395.61	398.45	399.34
240:	396.05	398.80	399.68
241:	316.36	348.68	400.10
242:	397.11	400.03	401.05
243:	397.47	400.46	401.46
244:	398.03	400.88	401.96
245:	398.63	401.61	402.36
246:	399.34	402.24	403.57
247:	399.94	403.02	404.20
248:	400.65	403.48	404.74
249:	401.04	403.78	406.29
