Compiled Apr 28 2018 16:09:55
ibuf at 0x7fbf05567000
dbuf at 0x7fbef5085000
50:	155.88	246.84	252.62
51:	248.29	249.31	252.51
52:	248.39	249.26	252.66
53:	248.29	249.39	252.62
54:	248.39	249.28	252.54
55:	248.58	249.45	252.64
56:	248.50	249.41	252.64
57:	248.50	249.43	252.59
58:	248.69	249.72	252.83
59:	248.82	249.72	253.11
60:	248.89	249.87	253.15
61:	248.92	249.84	253.06
62:	249.10	250.04	253.52
63:	248.95	250.04	253.93
64:	249.12	250.03	253.23
65:	249.12	250.02	253.33
66:	249.21	250.24	253.46
67:	249.23	250.24	253.46
68:	249.50	250.39	253.56
69:	249.52	250.42	253.64
70:	249.49	250.54	253.92
71:	250.71	251.66	255.06
72:	250.07	251.48	254.80
73:	252.57	253.69	256.94
74:	252.92	253.87	257.08
75:	252.96	254.02	257.16
76:	253.05	254.03	257.17
77:	253.14	254.10	257.31
78:	253.24	254.17	257.56
79:	252.92	254.17	257.56
80:	253.23	254.23	257.40
81:	253.37	254.51	266.36
82:	253.18	254.42	268.50
83:	253.27	254.29	257.49
84:	253.14	254.34	257.46
85:	253.44	254.50	257.69
86:	253.33	254.40	257.62
87:	253.43	254.35	257.66
88:	253.48	254.47	257.71
89:	253.60	254.58	257.75
90:	253.63	254.61	257.77
91:	253.65	254.55	257.68
92:	253.65	254.68	257.98
93:	253.87	254.77	257.96
94:	253.93	254.76	257.96
95:	253.93	254.96	258.27
96:	253.93	255.11	258.37
97:	254.24	255.24	258.37
98:	254.34	255.36	258.55
99:	254.20	255.34	258.63
100:	254.49	255.47	258.77
101:	254.54	255.58	258.90
102:	254.74	255.78	259.07
103:	254.89	255.92	258.87
104:	254.98	256.09	259.27
105:	255.24	256.22	259.37
106:	255.20	256.33	259.48
107:	257.30	258.32	261.45
108:	260.38	261.59	264.69
109:	262.29	263.47	266.59
110:	266.25	267.47	270.51
111:	277.51	278.96	282.05
112:	268.29	272.78	284.56
113:	272.57	281.81	289.73
114:	270.96	282.05	289.58
115:	271.25	279.15	286.63
116:	272.27	276.15	283.42
117:	273.53	277.23	286.39
118:	275.03	276.50	281.08
119:	276.27	277.84	280.60
120:	277.80	279.33	282.18
121:	279.00	280.58	283.37
122:	280.84	282.30	286.21
123:	281.68	283.43	296.45
124:	282.79	284.52	296.05
125:	283.51	285.05	287.75
126:	284.20	285.77	288.79
127:	285.31	286.90	289.60
128:	285.67	287.58	290.97
129:	286.83	288.42	291.17
130:	287.49	289.01	291.62
131:	288.19	289.79	292.28
132:	289.00	290.57	293.23
133:	289.86	291.47	294.10
134:	290.69	292.29	294.85
135:	291.62	293.13	295.73
136:	292.55	294.24	297.02
137:	293.03	294.64	297.30
138:	293.61	295.36	297.98
139:	294.45	296.21	298.55
140:	295.38	297.16	299.80
141:	295.85	297.62	300.09
142:	296.40	298.08	300.51
143:	297.08	298.82	301.29
144:	297.40	299.33	302.45
145:	297.92	299.62	302.02
146:	298.37	300.06	302.72
147:	298.93	300.69	304.92
148:	299.45	301.35	310.69
149:	300.87	303.09	315.77
150:	302.15	303.85	306.34
151:	291.17	304.77	307.31
152:	304.11	306.02	308.29
153:	305.37	307.22	309.51
154:	306.43	308.33	310.59
155:	307.16	309.36	311.77
156:	308.65	311.31	313.84
157:	309.52	311.86	314.74
158:	308.67	312.58	315.11
159:	310.37	313.41	315.77
160:	313.12	315.57	318.24
161:	313.46	316.65	318.98
162:	309.71	317.03	319.73
163:	315.47	317.77	320.24
164:	316.47	318.68	320.79
165:	314.29	319.60	321.92
166:	312.21	320.57	323.13
167:	312.59	321.88	324.47
168:	308.48	322.84	325.68
169:	312.64	323.09	325.42
170:	318.70	324.38	327.00
171:	310.65	324.54	327.53
172:	307.70	324.40	327.67
173:	314.71	326.56	329.52
174:	315.67	327.01	329.92
175:	322.95	328.38	331.62
176:	307.44	324.24	331.46
177:	318.90	327.03	332.89
178:	309.25	323.94	330.85
179:	311.15	323.40	332.99
180:	310.83	320.30	328.49
181:	311.57	316.74	325.48
182:	312.68	315.48	319.13
183:	313.49	316.68	319.66
184:	314.62	317.86	320.04
185:	316.61	318.59	320.78
186:	316.71	318.86	321.01
187:	316.68	320.02	322.25
188:	313.62	320.83	323.19
189:	317.71	321.17	323.40
190:	317.93	322.11	324.37
191:	320.84	322.98	324.87
192:	315.86	323.33	326.18
193:	314.30	324.23	326.49
194:	306.74	324.67	333.51
195:	310.97	325.65	331.76
196:	323.79	326.73	329.00
197:	313.61	326.83	330.21
198:	319.44	326.73	330.62
199:	320.17	326.53	331.21
200:	312.88	324.33	330.72
201:	313.94	324.15	331.13
202:	315.84	323.71	330.09
203:	314.74	323.63	330.66
204:	315.90	321.89	329.97
205:	316.61	320.65	326.90
206:	317.57	320.35	325.45
207:	318.33	320.43	322.55
208:	318.63	320.59	323.16
209:	319.10	321.41	323.56
210:	318.54	322.23	324.43
211:	317.58	323.33	325.35
212:	322.25	324.34	326.34
213:	312.03	322.98	328.78
214:	303.13	311.54	313.99
215:	300.43	312.28	319.16
216:	302.27	312.66	316.91
217:	302.32	307.84	312.10
218:	296.61	302.55	313.23
219:	295.64	306.84	312.28
220:	306.06	311.91	314.23
221:	307.86	313.61	320.19
222:	229.02	253.16	310.98
223:	336.29	338.67	344.96
224:	376.33	381.57	385.27
225:	379.32	381.96	383.04
226:	379.25	382.28	383.33
227:	379.97	382.56	383.79
228:	380.50	383.04	384.12
229:	381.81	384.41	385.55
230:	383.26	386.03	387.09
231:	384.66	387.38	388.58
232:	386.44	389.10	389.97
233:	386.85	389.57	390.57
234:	386.99	389.89	391.22
235:	387.58	390.19	391.22
236:	387.95	390.66	391.88
237:	388.45	391.02	392.10
238:	388.96	391.76	395.01
239:	389.13	392.76	404.88
240:	390.87	393.47	394.43
241:	391.38	394.13	395.10
242:	391.91	394.56	395.61
243:	391.91	394.99	396.32
244:	392.69	395.65	396.82
245:	393.12	396.05	396.92
246:	394.08	396.75	398.11
247:	394.38	397.18	398.03
248:	394.47	397.15	398.13
249:	395.58	398.38	399.31
