Compiled Apr 24 2018 11:20:14
ibuf at 0x7fccfd7ea000
dbuf at 0x7fcced31e000
16:	135.16	182.13	216.79
17:	148.16	177.34	199.76
18:	146.16	176.82	199.43
19:	147.08	175.17	194.06
20:	140.28	173.03	188.58
21:	142.36	172.33	191.39
22:	141.92	172.73	203.90
23:	151.18	175.24	189.95
24:	149.74	174.12	191.69
25:	138.92	173.10	191.64
26:	142.94	173.20	190.63
27:	152.18	175.29	189.26
28:	142.54	173.60	188.80
29:	143.22	174.54	191.92
30:	142.27	173.23	197.26
31:	136.85	169.42	191.38
32:	140.39	174.05	190.45
33:	142.92	172.95	189.39
34:	132.93	152.78	181.71
35:	140.89	172.21	189.50
36:	143.49	172.00	202.14
37:	153.82	175.71	189.24
38:	152.99	175.88	191.61
39:	141.93	173.46	191.73
40:	141.07	175.79	194.27
41:	152.76	176.13	192.87
42:	140.33	175.00	191.29
43:	140.76	173.03	190.25
44:	139.54	173.40	192.98
45:	143.70	173.99	189.29
46:	145.76	175.59	191.34
47:	145.43	175.43	191.30
48:	145.40	175.21	195.40
49:	145.41	176.01	193.95
50:	143.15	172.98	195.56
51:	140.63	174.88	191.99
52:	140.73	172.20	205.04
53:	138.31	166.56	197.70
54:	137.74	160.36	196.98
55:	134.14	161.99	200.52
56:	142.90	176.02	204.70
57:	135.58	174.59	193.29
58:	138.46	175.34	206.58
59:	140.43	176.92	203.84
60:	140.14	175.10	207.11
61:	141.51	176.01	203.91
62:	147.08	176.86	202.23
63:	142.02	176.25	207.40
64:	142.54	177.01	201.50
65:	141.71	172.27	208.06
66:	142.84	176.85	196.26
67:	143.29	176.89	205.86
68:	145.29	177.67	208.03
69:	140.96	178.01	219.16
70:	144.97	178.05	211.43
71:	139.92	175.82	207.51
72:	143.92	178.29	210.25
73:	153.59	175.57	192.07
74:	142.88	175.93	212.36
75:	142.61	176.89	208.23
76:	143.53	176.10	207.79
77:	144.14	175.76	208.64
78:	154.48	177.14	190.86
79:	144.73	176.54	206.07
80:	145.53	176.49	211.68
81:	141.76	177.44	211.34
82:	143.10	177.47	209.88
83:	142.71	177.80	215.50
84:	141.03	177.38	214.16
85:	145.30	179.17	209.49
86:	140.99	178.07	228.93
87:	144.61	174.08	212.34
88:	136.64	156.67	210.17
89:	142.70	177.88	222.61
90:	140.12	179.10	231.69
91:	154.52	179.80	199.57
92:	145.28	183.69	260.40
93:	144.52	181.14	242.75
94:	142.20	180.55	224.45
95:	155.82	180.70	207.12
96:	147.02	182.63	239.81
97:	149.12	180.04	202.44
98:	144.14	184.00	254.72
99:	150.78	183.42	275.13
100:	144.11	187.01	280.42
101:	136.82	183.12	246.94
102:	147.29	182.92	251.29
103:	144.80	181.32	247.93
104:	132.82	161.57	265.48
105:	144.02	185.51	261.23
106:	142.42	186.96	253.12
107:	149.27	183.43	255.50
108:	141.83	185.37	280.60
109:	148.08	187.59	307.78
110:	151.01	188.16	334.64
111:	152.84	187.54	294.88
112:	153.40	191.78	313.59
113:	163.42	187.80	201.85
114:	149.12	181.89	220.73
115:	139.68	178.86	309.99
116:	151.25	187.19	283.18
117:	141.15	173.57	229.20
118:	157.24	192.02	260.69
119:	155.87	195.41	278.79
120:	159.00	193.52	265.00
121:	157.61	195.22	306.47
122:	156.58	196.58	312.59
123:	157.67	196.90	334.02
124:	155.35	202.29	344.94
125:	155.55	195.62	273.73
126:	156.74	199.07	313.56
127:	156.94	198.23	331.87
128:	158.30	192.85	263.04
129:	165.25	193.60	210.23
130:	158.11	198.23	298.80
131:	156.71	197.18	288.76
132:	155.15	201.24	351.67
133:	165.52	194.47	229.97
134:	161.22	199.90	284.91
135:	155.13	205.80	339.62
136:	157.62	189.15	324.20
137:	151.94	179.82	252.37
138:	159.03	200.44	327.30
139:	166.17	196.85	254.39
140:	167.81	197.53	221.10
141:	159.09	204.37	317.22
142:	162.17	201.18	328.01
143:	162.46	202.94	329.72
144:	162.10	199.77	278.79
145:	168.81	197.86	224.62
146:	158.39	204.72	332.26
147:	170.36	200.46	254.71
148:	165.97	204.88	340.98
149:	171.05	198.19	219.58
150:	165.26	207.06	361.37
151:	162.87	204.17	309.60
152:	168.87	199.17	231.41
153:	171.58	201.24	256.97
154:	165.20	202.71	365.80
155:	166.52	202.45	271.54
156:	165.96	203.43	281.27
157:	160.28	208.66	371.80
158:	164.02	205.40	361.57
159:	170.92	204.96	287.72
160:	175.52	205.88	297.96
161:	161.84	205.14	318.24
162:	174.04	202.03	218.32
163:	169.69	204.68	265.78
164:	169.65	206.54	289.95
165:	163.94	206.74	359.69
166:	168.70	203.87	261.95
167:	163.38	211.52	512.20
168:	174.76	224.98	358.57
169:	175.99	205.69	268.78
170:	177.91	205.72	236.05
171:	175.60	227.43	374.32
172:	177.54	230.36	343.66
173:	173.22	212.21	288.19
174:	172.62	211.85	293.80
175:	172.28	214.78	311.15
176:	173.57	210.99	274.59
177:	172.91	209.71	297.63
178:	169.83	209.00	323.33
179:	161.74	195.78	326.39
180:	179.48	224.09	312.68
181:	157.48	198.92	298.00
182:	165.97	217.48	339.58
183:	175.37	219.46	312.37
184:	162.21	383.91	10923.66
185:	181.82	213.39	292.97
186:	178.92	213.45	279.35
187:	176.95	214.29	282.22
188:	177.47	214.56	298.36
189:	174.02	216.85	329.68
190:	166.77	216.49	348.82
191:	176.78	216.90	322.42
192:	179.30	214.02	287.13
193:	176.80	215.17	276.79
194:	179.98	217.24	337.72
195:	171.55	228.74	415.63
196:	179.06	219.68	356.59
197:	178.29	217.02	294.83
198:	180.43	215.42	309.73
199:	183.37	215.13	285.72
200:	184.97	214.46	235.46
201:	185.03	216.01	280.47
202:	178.26	221.32	373.11
203:	185.50	215.24	234.99
204:	185.62	216.64	283.87
205:	181.25	219.87	354.35
206:	180.83	219.11	312.19
207:	181.94	223.23	313.23
208:	181.80	219.77	383.20
209:	182.53	218.15	306.80
210:	186.99	217.51	287.47
211:	185.06	217.92	266.84
212:	182.13	224.43	381.18
213:	185.04	220.11	310.59
214:	190.15	215.07	234.86
215:	185.70	222.66	341.92
216:	188.47	216.42	288.40
217:	195.72	224.63	378.34
218:	179.24	221.43	379.53
219:	196.36	222.10	345.55
220:	201.47	238.11	329.30
221:	217.84	237.51	266.44
222:	220.77	238.60	313.96
223:	230.55	265.67	338.28
224:	290.70	314.38	374.16
225:	292.70	313.18	339.88
226:	282.60	314.23	363.70
227:	291.95	318.07	373.09
228:	291.27	317.95	361.19
229:	290.84	313.77	363.60
230:	289.29	314.00	363.82
231:	294.66	315.43	361.51
232:	291.06	316.61	386.54
233:	288.56	315.24	357.16
234:	296.00	315.98	350.36
235:	298.54	318.68	355.54
236:	297.14	321.48	368.13
237:	292.79	318.05	369.70
238:	298.27	317.20	365.05
239:	293.81	315.99	348.17
240:	275.23	310.75	340.78
241:	303.85	318.42	358.87
242:	295.20	318.52	374.12
243:	290.29	322.79	365.62
244:	303.82	324.24	357.26
245:	303.31	318.34	346.53
246:	304.38	318.93	350.92
247:	287.39	318.14	366.08
248:	276.54	314.28	355.05
249:	292.87	321.78	396.48
250:	294.69	322.36	369.46
251:	307.59	322.60	369.41
252:	302.50	325.08	365.73
253:	298.23	320.47	366.94
254:	303.60	320.73	353.80
255:	307.17	320.98	377.75
256:	292.06	322.53	415.92
257:	303.59	321.29	358.59
258:	294.18	321.90	384.87
259:	285.58	318.36	364.37
260:	288.78	325.86	387.42
261:	306.03	322.47	348.89
262:	309.33	322.11	353.97
263:	307.13	323.54	354.49
264:	306.23	324.25	350.59
265:	297.22	325.61	385.13
266:	303.63	325.29	371.19
267:	308.49	332.02	385.65
268:	285.52	326.32	368.40
269:	310.31	325.19	363.67
270:	311.64	325.56	372.57
271:	307.60	325.69	363.00
272:	313.64	325.95	350.49
273:	298.78	327.83	391.49
274:	283.56	322.04	389.19
275:	310.98	335.35	366.22
276:	316.88	326.42	376.29
277:	284.23	320.99	361.54
278:	296.11	324.25	343.07
279:	304.01	332.03	499.62
280:	309.23	330.57	365.21
281:	310.91	329.26	364.45
282:	309.72	327.69	362.90
283:	301.74	336.14	392.23
284:	304.76	329.33	390.70
285:	304.74	329.15	386.14
286:	313.27	326.58	353.60
287:	308.93	327.13	370.04
288:	303.41	328.83	371.42
289:	303.81	330.82	389.30
290:	311.01	334.48	419.80
291:	314.56	332.48	362.47
292:	306.75	330.07	370.69
293:	312.79	330.43	363.42
294:	304.65	333.08	379.04
295:	318.72	330.21	363.36
296:	309.46	333.49	372.97
297:	306.49	333.12	389.61
298:	314.27	334.13	363.03
299:	313.95	333.44	392.57
300:	305.64	333.49	387.92
301:	287.99	329.18	387.68
302:	307.74	330.36	372.22
303:	321.19	331.43	386.28
304:	312.25	334.34	372.49
305:	309.88	333.34	397.32
306:	318.13	337.18	390.35
307:	304.44	337.26	414.67
308:	315.76	337.46	402.55
309:	312.43	335.03	376.22
310:	316.41	339.28	424.11
311:	310.35	347.27	424.83
312:	313.44	342.72	419.21
313:	317.78	339.26	398.51
314:	319.12	338.25	389.66
315:	312.45	334.26	391.55
316:	314.39	335.47	383.79
317:	325.48	333.00	361.73
318:	301.87	344.18	430.50
319:	292.12	333.19	377.33
320:	306.58	335.64	387.41
321:	315.71	341.78	378.79
322:	317.22	336.48	377.21
323:	321.73	335.40	377.60
324:	320.69	336.51	371.11
325:	311.36	340.27	401.50
326:	294.90	335.48	383.08
327:	309.63	340.54	452.43
328:	310.53	346.11	405.14
329:	323.47	348.12	411.31
330:	294.47	336.17	402.30
331:	328